3000000
3000001
3000002
3000003
3000004
3000005
3000006
3000007
3000008
3000009
3000010
3000011
3000012
3000013
3000014
3000015
3000016
3000017
3000018
3000019
3000020
3000021
3000022
3000023
3000024
3000025
3000026
3000027
3000028
3000029
3000030
3000031
3000032
3000033
3000034
3000035
3000036
3000037
3000038
3000039
3000040
3000041
3000042
3000043
3000044
3000045
3000046
3000047
3000048
3000049
3000050
3000051
3000052
3000053
3000054
3000055
3000056
3000057
3000058
3000059
3000060
3000061
3000062
3000063
3000064
3000065
3000066
3000067
3000068
3000069
3000070
3000071
3000072
3000073
3000074
3000075
3000076
3000077
3000078
3000079
