20000000
20000001
20000002
20000003
20000004
20000005
20000006
20000007
20000008
20000009
20000010
20000011
20000012
20000013
20000014
20000015
20000016
20000017
20000018
20000019
20000020
20000021
20000022
20000023
20000024
20000025
20000026
20000027
20000028
20000029
20000030
20000031
20000032
20000033
20000034
20000035
20000036
20000037
20000038
20000039
20000040
20000041
20000042
20000043
20000044
20000045
20000046
20000047
20000048
20000049
20000050
20000051
20000052
20000053
20000054
20000055
20000056
20000057
20000058
20000059
